id,date,deep_sleep_time,shallow_sleep_time,wake_time,bed_time,sleep_time
4,2016-04-27,0,0,0,0,0
4,2016-04-28,158,262,2,422,420
4,2016-04-29,234,241,0,475,475
4,2016-04-30,239,318,0,557,557
4,2016-05-01,180,333,3,516,513
4,2016-05-02,52,83,0,135,135
4,2016-05-03,108,287,14,409,395
4,2016-05-04,159,237,2,398,396
4,2016-05-05,264,409,0,673,673
4,2016-05-06,0,0,0,0,0
4,2016-05-07,191,361,2,554,552
4,2016-05-08,182,334,6,522,516
4,2016-05-09,161,354,17,532,515
4,2016-05-10,162,206,0,368,368
4,2016-05-11,142,261,1,404,403
4,2016-05-12,136,266,1,403,402
4,2016-05-13,177,355,1,533,532
4,2016-05-14,133,318,1,452,451
4,2016-05-15,253,357,0,610,610
4,2016-05-16,186,353,1,540,539
4,2016-05-17,180,318,0,498,498
4,2016-05-18,106,221,0,327,327
4,2016-05-19,146,229,0,375,375
4,2016-05-20,214,215,1,430,429
4,2016-05-21,222,445,11,678,667
4,2016-05-22,176,320,1,497,496
4,2016-05-23,193,307,0,500,500
4,2016-05-24,105,233,1,339,338
4,2016-05-25,195,137,1,333,332
4,2016-05-26,0,0,0,0,0
4,2016-05-27,115,212,1,328,327
4,2016-05-28,217,263,1,481,480
4,2016-05-29,91,213,0,304,304
4,2016-05-30,225,372,1,598,597
4,2016-05-31,69,203,0,272,272
4,2016-06-01,107,196,1,304,303
4,2016-06-02,101,226,1,328,327
4,2016-06-03,0,0,0,0,0
4,2016-06-04,215,352,2,569,567
4,2016-06-05,192,421,0,613,613
4,2016-06-06,0,0,0,0,0
4,2016-06-07,132,257,3,392,389
4,2016-06-08,140,358,1,499,498
4,2016-06-09,147,310,0,457,457
4,2016-06-10,198,419,2,619,617
4,2016-06-11,175,290,0,465,465
4,2016-06-12,190,324,2,516,514
4,2016-06-13,156,368,4,528,524
4,2016-06-14,147,309,3,459,456
4,2016-06-15,143,189,0,332,332
4,2016-06-16,46,53,0,99,99
4,2016-06-17,142,241,0,383,383
4,2016-06-18,140,162,1,303,302
4,2016-06-19,211,267,0,478,478
4,2016-06-20,129,250,1,380,379
4,2016-06-21,152,391,1,544,543
4,2016-06-22,191,300,0,491,491
4,2016-06-23,0,0,0,0,0
4,2016-06-24,130,252,0,382,382
4,2016-06-25,91,321,0,412,412
4,2016-06-26,186,345,3,534,531
4,2016-06-27,121,246,5,372,367
4,2016-06-28,165,206,1,372,371
4,2016-06-29,182,256,4,442,438
4,2016-06-30,174,299,2,475,473
4,2016-07-01,152,100,2,254,252
4,2016-07-02,212,330,2,544,542
4,2016-07-03,128,262,0,390,390
4,2016-07-04,118,292,0,410,410
4,2016-07-05,184,287,1,472,471
4,2016-07-06,162,413,0,575,575
4,2016-07-07,78,224,0,302,302
4,2016-07-08,208,371,0,579,579
4,2016-07-09,189,288,0,477,477
4,2016-07-10,192,251,0,443,443
4,2016-07-11,163,165,0,328,328
4,2016-07-12,179,341,17,537,520
4,2016-07-13,148,110,1,259,258
4,2016-07-14,135,253,0,388,388
4,2016-07-15,133,196,0,329,329
4,2016-07-16,204,308,1,513,512
4,2016-07-17,160,279,4,443,439
4,2016-07-18,117,209,0,326,326
4,2016-07-19,150,244,5,399,394
4,2016-07-20,133,287,3,423,420
4,2016-07-21,104,339,1,444,443
4,2016-07-22,127,334,1,462,461
4,2016-07-23,251,398,0,649,649
4,2016-07-24,209,261,0,470,470
4,2016-07-25,84,331,1,416,415
4,2016-07-26,45,164,0,209,209
4,2016-07-27,179,305,0,484,484
4,2016-07-28,153,310,10,473,463
4,2016-07-29,119,253,1,373,372
4,2016-07-30,149,161,0,310,310
4,2016-07-31,135,298,0,433,433
4,2016-08-01,152,188,0,340,340
4,2016-08-02,166,292,2,460,458
4,2016-08-03,126,284,0,410,410
4,2016-08-04,0,0,0,0,0
4,2016-08-05,162,236,0,398,398
4,2016-08-06,108,263,0,371,371
4,2016-08-07,167,359,0,526,526
4,2016-08-08,192,232,1,425,424
4,2016-08-09,139,242,10,391,381
4,2016-08-10,147,321,0,468,468
4,2016-08-11,171,275,2,448,446
4,2016-08-12,177,225,0,402,402
4,2016-08-13,121,301,0,422,422
4,2016-08-14,86,178,9,273,264
4,2016-08-15,177,236,1,414,413
4,2016-08-16,120,255,3,378,375
4,2016-08-17,182,328,0,510,510
4,2016-08-18,96,296,0,392,392
4,2016-08-19,171,285,14,470,456
4,2016-08-20,115,199,0,314,314
4,2016-08-21,202,258,0,460,460
4,2016-08-22,136,233,0,369,369
4,2016-08-23,132,328,0,460,460
4,2016-08-24,90,402,0,492,492
4,2016-08-25,89,366,0,455,455
4,2016-08-26,144,316,0,460,460
4,2016-08-27,68,291,0,359,359
4,2016-08-28,141,412,0,553,553
4,2016-08-29,132,200,0,332,332
4,2016-08-30,160,316,0,476,476
4,2016-08-31,100,313,0,413,413
4,2016-09-01,131,260,7,398,391
4,2016-09-02,0,0,0,0,0
4,2016-09-11,0,0,0,0,0
4,2016-09-12,126,278,0,404,404
4,2016-09-13,95,212,0,307,307
4,2016-09-14,109,229,0,338,338
4,2016-09-15,169,297,0,466,466
4,2016-09-16,154,267,0,421,421
4,2016-09-17,253,293,0,546,546
4,2016-09-18,141,137,0,278,278
4,2016-09-19,160,125,0,285,285
4,2016-09-20,164,292,14,470,456
4,2016-09-21,165,263,0,428,428
4,2016-09-22,137,307,0,444,444
4,2016-09-23,185,221,2,408,406
4,2016-09-24,219,154,53,426,373
4,2016-09-25,220,357,0,577,577
4,2016-09-26,137,259,0,396,396
4,2016-09-27,130,146,0,276,276
4,2016-09-28,175,179,0,354,354
4,2016-09-29,201,192,0,393,393
4,2016-09-30,138,209,0,347,347
4,2016-10-01,179,340,0,519,519
4,2016-10-02,194,364,0,558,558
4,2016-10-09,0,0,0,0,0
4,2016-10-10,124,273,0,397,397
4,2016-10-11,149,283,0,432,432
4,2016-10-12,141,374,0,515,515
4,2016-10-13,141,165,0,306,306
4,2016-10-14,78,270,0,348,348
4,2016-10-15,188,209,0,397,397
4,2016-10-16,228,323,0,551,551
4,2016-10-17,111,240,0,351,351
4,2016-10-18,134,258,0,392,392
4,2016-10-19,164,264,0,428,428
4,2016-10-20,171,293,0,464,464
4,2016-10-21,87,317,0,404,404
4,2016-10-22,137,181,0,318,318
4,2016-10-23,229,343,6,578,572
4,2016-10-24,154,250,0,404,404
4,2016-10-25,116,270,0,386,386
4,2016-10-26,155,230,0,385,385
4,2016-10-27,147,302,0,449,449
4,2016-10-28,111,267,0,378,378
4,2016-10-29,101,380,0,481,481
4,2016-10-30,161,414,0,575,575
4,2016-10-31,105,211,0,316,316
4,2016-11-01,91,346,0,437,437
4,2016-11-02,128,167,0,295,295
4,2016-11-03,152,292,0,444,444
4,2016-11-04,216,166,0,382,382
4,2016-11-05,207,260,0,467,467
4,2016-11-06,180,335,0,515,515
4,2016-11-07,54,256,0,310,310
4,2016-11-08,145,263,0,408,408
4,2016-11-09,170,177,0,347,347
4,2016-11-10,127,142,0,269,269
4,2016-11-11,89,314,0,403,403
4,2016-11-12,187,359,0,546,546
4,2016-11-13,54,296,0,350,350
4,2016-11-14,115,205,0,320,320
4,2016-11-15,154,243,0,397,397
4,2016-11-16,131,286,0,417,417
4,2016-11-17,73,266,2,341,339
4,2016-11-18,124,148,0,272,272
4,2016-11-19,160,317,0,477,477
4,2016-11-20,187,344,0,531,531
4,2016-11-21,106,272,0,378,378
4,2016-11-22,135,166,0,301,301
4,2016-11-23,150,315,2,467,465
4,2016-11-24,155,262,0,417,417
4,2016-11-25,85,230,0,315,315
4,2016-11-26,162,268,2,432,430
4,2016-11-27,192,429,0,621,621
4,2016-11-28,126,223,0,349,349
4,2016-11-29,131,364,2,497,495
4,2016-11-30,134,296,0,430,430
4,2016-12-01,139,289,0,428,428
4,2016-12-02,92,321,0,413,413
4,2016-12-03,139,163,0,302,302
4,2016-12-04,270,339,0,609,609
4,2016-12-05,105,246,0,351,351
4,2016-12-06,151,199,0,350,350
4,2016-12-07,80,366,0,446,446
4,2016-12-08,163,231,0,394,394
4,2016-12-09,93,360,0,453,453
4,2016-12-10,102,278,0,380,380
4,2016-12-11,218,330,0,548,548
4,2016-12-12,107,306,0,413,413
4,2016-12-13,126,295,0,421,421
4,2016-12-14,111,254,0,365,365
4,2016-12-15,140,282,0,422,422
4,2016-12-16,110,337,0,447,447
4,2016-12-17,179,368,0,547,547
4,2016-12-18,172,370,0,542,542
4,2016-12-19,130,229,0,359,359
4,2016-12-20,141,265,0,406,406
4,2016-12-21,163,238,0,401,401
4,2016-12-22,119,218,0,337,337
4,2016-12-23,121,286,0,407,407
4,2016-12-24,125,256,0,381,381
4,2016-12-25,169,373,0,542,542
4,2016-12-26,102,300,0,402,402
4,2016-12-27,198,227,0,425,425
4,2016-12-28,65,361,0,426,426
4,2016-12-29,90,247,0,337,337
4,2016-12-30,98,319,0,417,417
4,2016-12-31,249,225,0,474,474
4,2017-01-01,175,258,0,433,433
4,2017-01-02,0,0,0,0,0
4,2017-01-03,0,0,0,0,0
4,2017-01-04,293,263,0,556,556
4,2017-01-05,193,386,0,579,579
4,2017-01-06,190,327,0,517,517
4,2017-01-07,140,320,10,470,460
4,2017-01-08,136,288,0,424,424
4,2017-01-09,85,159,0,244,244
4,2017-01-10,135,317,0,452,452
4,2017-01-11,107,267,2,376,374
4,2017-01-12,154,159,0,313,313
4,2017-01-13,158,155,0,313,313
4,2017-01-14,252,423,0,675,675
4,2017-01-15,149,318,0,467,467
4,2017-01-16,104,167,0,271,271
4,2017-01-17,108,239,0,347,347
4,2017-01-18,125,284,0,409,409
4,2017-01-19,84,222,0,306,306
4,2017-01-20,150,212,0,362,362
4,2017-01-21,203,382,0,585,585
4,2017-01-22,151,357,0,508,508
4,2017-01-23,86,331,0,417,417
4,2017-01-24,145,308,0,453,453
4,2017-01-25,122,315,0,437,437
4,2017-02-02,0,0,0,0,0
4,2017-02-03,103,287,0,390,390
4,2017-02-04,174,331,0,505,505
4,2017-02-05,296,335,0,631,631
4,2017-02-06,95,230,0,325,325
4,2017-02-07,176,246,0,422,422
4,2017-02-08,105,214,0,319,319
4,2017-02-09,164,370,14,548,534
4,2017-02-10,186,352,2,540,538
4,2017-02-11,157,339,0,496,496
4,2017-02-12,134,385,0,519,519
4,2017-02-13,0,0,0,0,0
4,2017-02-14,149,475,0,624,624
4,2017-02-15,144,409,0,553,553
4,2017-02-16,154,379,0,533,533
4,2017-02-17,167,237,0,404,404
4,2017-02-20,0,0,0,0,0
4,2017-02-21,102,347,0,449,449
4,2017-02-22,168,357,0,525,525
4,2017-02-23,94,125,0,219,219
4,2017-02-24,173,385,0,558,558
4,2017-02-25,187,253,10,450,440
4,2017-02-26,0,0,0,0,0
4,2017-02-27,201,247,0,448,448
4,2017-02-28,154,251,0,405,405
4,2017-03-01,122,251,0,373,373
4,2017-03-02,127,270,0,397,397
4,2017-03-03,157,263,0,420,420
4,2017-03-04,142,358,0,500,500
4,2017-03-05,147,363,12,522,510
4,2017-03-06,126,249,0,375,375
4,2017-03-07,141,193,0,334,334
4,2017-03-08,144,405,0,549,549
4,2017-03-09,145,213,0,358,358
4,2017-03-10,133,190,0,323,323
4,2017-03-11,191,218,0,409,409
4,2017-03-12,272,345,0,617,617
4,2017-03-13,86,90,0,176,176
4,2017-03-14,75,306,0,381,381
4,2017-03-15,97,292,0,389,389
4,2017-03-16,100,272,0,372,372
4,2017-03-17,132,365,0,497,497
4,2017-03-18,162,395,0,557,557
4,2017-03-19,143,306,0,449,449
4,2017-03-20,101,262,0,363,363
4,2017-03-21,124,253,0,377,377
4,2017-03-22,103,245,0,348,348
4,2017-03-23,147,278,0,425,425
4,2017-03-24,135,290,0,425,425
4,2017-03-25,188,258,0,446,446
4,2017-03-26,165,378,15,558,543
4,2017-03-27,140,248,0,388,388
4,2017-03-28,128,192,0,320,320
4,2017-03-29,115,289,0,404,404
4,2017-03-30,135,288,0,423,423
4,2017-03-31,139,275,0,414,414
4,2017-04-01,161,412,0,573,573
4,2017-04-02,127,323,0,450,450
4,2017-04-03,114,227,0,341,341
4,2017-04-04,150,228,0,378,378
4,2017-04-05,114,284,0,398,398
4,2017-04-06,111,315,0,426,426
4,2017-04-07,141,200,0,341,341
4,2017-04-08,219,331,0,550,550
4,2017-04-09,122,370,0,492,492
4,2017-04-10,148,335,0,483,483
4,2017-04-11,177,170,0,347,347
4,2017-04-12,171,245,0,416,416
4,2017-04-13,137,236,0,373,373
4,2017-04-14,127,279,0,406,406
4,2017-04-15,168,158,0,326,326
4,2017-04-16,211,387,0,598,598
4,2017-04-17,108,227,0,335,335
4,2017-04-18,107,297,0,404,404
4,2017-04-19,98,326,0,424,424
4,2017-04-20,137,328,0,465,465
4,2017-04-21,124,271,0,395,395
4,2017-04-22,0,0,0,0,0
4,2017-04-23,165,249,0,414,414
4,2017-04-24,0,0,0,0,0
4,2017-04-25,0,0,0,0,0
4,2017-04-26,207,223,0,430,430
4,2017-04-27,0,0,0,0,0
4,2017-04-28,148,95,0,243,243
4,2017-04-29,148,427,0,575,575
4,2017-04-30,115,268,0,383,383
4,2017-05-01,237,311,3,551,548
4,2017-05-04,0,0,0,0,0
4,2017-05-05,69,211,0,280,280
4,2017-05-06,99,319,0,418,418
4,2017-05-07,211,247,0,458,458
4,2017-05-08,158,506,0,664,664
4,2017-05-09,188,291,0,479,479
4,2017-05-10,167,236,0,403,403
4,2017-05-11,139,211,0,350,350
4,2017-05-12,151,235,0,386,386
4,2017-05-13,116,127,0,243,243
4,2017-05-14,267,540,0,807,807
4,2017-05-15,119,228,0,347,347
4,2017-05-16,89,293,0,382,382
4,2017-05-17,163,298,0,461,461
4,2017-05-18,165,243,0,408,408
4,2017-05-19,65,251,0,316,316
4,2017-05-20,151,187,0,338,338
4,2017-05-21,185,439,0,624,624
4,2017-05-22,129,225,0,354,354
4,2017-05-23,130,273,0,403,403
4,2017-05-24,143,294,0,437,437
4,2017-05-25,137,328,0,465,465
4,2017-05-26,164,212,0,376,376
4,2017-05-27,26,307,0,333,333
4,2017-05-28,197,305,0,502,502
4,2017-05-29,164,257,0,421,421
4,2017-05-30,148,315,0,463,463
4,2017-05-31,121,282,0,403,403
4,2017-06-01,112,288,0,400,400
4,2017-06-02,106,211,0,317,317
4,2017-06-03,147,282,2,431,429
4,2017-06-04,120,404,0,524,524
4,2017-06-05,133,326,0,459,459
4,2017-06-06,130,240,0,370,370
4,2017-06-07,200,215,0,415,415
4,2017-06-08,53,376,0,429,429
4,2017-06-09,156,239,0,395,395
4,2017-06-10,132,169,2,303,301
4,2017-06-11,0,0,0,0,0
4,2017-06-12,291,243,0,534,534
4,2017-06-13,154,179,0,333,333
4,2017-06-14,0,0,0,0,0
4,2017-06-15,131,313,0,444,444
4,2017-06-16,163,218,0,381,381
4,2017-06-17,127,122,2,251,249
4,2017-06-18,264,402,0,666,666
4,2017-06-19,120,209,0,329,329
4,2017-06-20,161,266,0,427,427
4,2017-06-21,73,259,0,332,332
4,2017-06-22,125,224,0,349,349
4,2017-06-23,191,238,0,429,429
4,2017-06-24,186,115,0,301,301
4,2017-06-25,204,251,0,455,455
4,2017-06-26,173,257,0,430,430
4,2017-06-27,216,302,0,518,518
4,2017-06-28,131,289,0,420,420
4,2017-06-29,107,254,3,364,361
4,2017-06-30,159,187,0,346,346
4,2017-07-01,176,161,2,339,337
4,2017-07-02,263,321,0,584,584
4,2017-07-03,182,252,2,436,434
4,2017-07-04,175,279,0,454,454
4,2017-07-05,132,255,0,387,387
4,2017-07-06,144,192,0,336,336
4,2017-07-07,149,253,0,402,402
4,2017-07-08,174,147,0,321,321
4,2017-07-09,291,303,0,594,594
4,2017-07-10,157,204,0,361,361
4,2017-07-11,144,334,0,478,478
4,2017-07-12,156,269,0,425,425
4,2017-07-13,209,243,0,452,452
4,2017-07-14,157,251,0,408,408
4,2017-07-15,176,218,0,394,394
4,2017-07-16,245,359,0,604,604
4,2017-07-17,136,217,0,353,353
4,2017-07-18,178,206,0,384,384
4,2017-07-19,118,263,0,381,381
4,2017-07-20,195,273,0,468,468
4,2017-07-21,127,215,0,342,342
4,2017-07-22,62,113,0,175,175
4,2017-07-23,156,354,0,510,510
4,2017-07-24,120,203,0,323,323
4,2017-07-25,183,348,2,533,531
4,2017-07-26,156,336,0,492,492
4,2017-07-27,141,274,0,415,415
4,2017-07-28,150,107,0,257,257
4,2017-07-29,0,0,0,0,0
4,2017-07-30,224,299,0,523,523
4,2017-07-31,0,0,0,0,0
4,2017-08-01,195,254,0,449,449
4,2017-08-02,188,240,0,428,428
4,2017-08-03,170,294,0,464,464
4,2017-08-04,144,319,0,463,463
4,2017-08-05,131,258,0,389,389
4,2017-08-06,265,228,0,493,493
4,2017-08-07,128,291,0,419,419
4,2017-08-08,194,298,0,492,492
4,2017-08-09,178,322,0,500,500
4,2017-08-10,181,324,0,505,505
4,2017-08-11,90,327,0,417,417
4,2017-08-12,143,106,0,249,249
4,2017-08-13,210,340,0,550,550
4,2017-08-14,151,288,0,439,439
4,2017-08-15,188,314,0,502,502
4,2017-08-16,145,242,0,387,387
4,2017-08-17,152,260,0,412,412
4,2017-08-18,175,201,0,376,376
4,2017-08-19,177,257,0,434,434
4,2017-08-20,253,332,0,585,585
4,2017-08-21,148,206,0,354,354
4,2017-08-22,140,234,0,374,374
4,2017-08-23,164,261,0,425,425
4,2017-08-24,166,277,0,443,443
4,2017-08-25,208,265,0,473,473
4,2017-08-26,210,191,0,401,401
4,2017-08-27,192,273,0,465,465
4,2017-08-28,187,283,0,470,470
4,2017-08-29,204,259,0,463,463
4,2017-08-30,165,295,0,460,460
4,2017-08-31,166,287,0,453,453
4,2017-09-01,197,316,0,513,513
4,2017-09-02,253,319,0,572,572
4,2017-09-03,147,164,0,311,311
4,2017-09-04,84,120,0,204,204
4,2017-09-05,209,338,0,547,547
4,2017-09-06,155,247,0,402,402
4,2017-09-07,204,232,2,438,436
4,2017-09-08,186,265,0,451,451
4,2017-09-09,124,276,0,400,400
4,2017-09-10,278,381,2,661,659
4,2017-09-11,120,288,0,408,408
4,2017-09-12,150,256,2,408,406
4,2017-09-13,132,338,0,470,470
4,2017-09-14,98,313,0,411,411
4,2017-09-15,181,187,0,368,368
4,2017-09-16,21,374,61,456,395
4,2017-09-17,235,280,0,515,515
4,2017-09-18,128,310,2,440,438
4,2017-09-19,289,331,0,620,620
4,2017-09-20,183,387,0,570,570
4,2017-09-21,194,270,0,464,464
4,2017-09-22,188,319,0,507,507
4,2017-09-23,203,264,0,467,467
4,2017-09-24,140,305,0,445,445
4,2017-09-25,134,287,0,421,421
4,2017-09-26,171,279,0,450,450
4,2017-09-27,151,266,0,417,417
4,2017-09-28,199,269,0,468,468
4,2017-09-29,136,273,0,409,409
4,2017-09-30,181,167,0,348,348
4,2017-10-01,218,461,2,681,679
4,2017-10-02,161,230,0,391,391
4,2017-10-03,178,279,0,457,457
4,2017-10-04,114,308,0,422,422
4,2017-10-05,143,272,0,415,415
4,2017-10-06,141,226,0,367,367
4,2017-10-07,204,215,0,419,419
4,2017-10-08,220,301,0,521,521
4,2017-10-09,221,265,0,486,486
4,2017-10-10,81,304,0,385,385
4,2017-10-11,133,257,0,390,390
4,2017-10-12,173,228,0,401,401
4,2017-10-13,164,243,0,407,407
4,2017-10-14,133,167,0,300,300
4,2017-10-15,276,267,0,543,543
4,2017-10-16,197,192,0,389,389
4,2017-10-17,193,276,0,469,469
4,2017-10-18,130,238,0,368,368
4,2017-10-19,169,232,0,401,401
4,2017-10-20,176,297,0,473,473
4,2017-10-21,158,218,0,376,376
4,2017-10-22,140,287,0,427,427
4,2017-10-23,149,226,0,375,375
4,2017-10-24,140,261,0,401,401
4,2017-10-25,128,231,0,359,359
4,2017-10-26,154,290,0,444,444
4,2017-10-27,81,192,0,273,273
4,2017-10-28,176,184,0,360,360
4,2017-10-29,176,357,0,533,533
4,2017-10-30,136,212,0,348,348
4,2017-10-31,192,252,0,444,444
4,2017-11-01,159,244,0,403,403
4,2017-11-02,174,271,0,445,445
4,2017-11-03,169,265,0,434,434
4,2017-11-04,178,219,0,397,397
4,2017-11-05,280,378,0,658,658
4,2017-11-06,221,401,4,626,622
4,2017-11-07,159,246,0,405,405
4,2017-11-08,225,213,0,438,438
4,2017-11-09,171,203,0,374,374
4,2017-11-10,144,273,0,417,417
4,2017-11-11,0,0,0,0,0
4,2017-11-12,245,359,0,604,604
4,2017-11-13,140,214,0,354,354
4,2017-11-14,160,327,0,487,487
4,2017-11-15,174,262,0,436,436
4,2017-11-16,178,248,0,426,426
4,2017-11-17,182,323,0,505,505
4,2017-11-18,198,227,0,425,425
4,2017-11-19,216,391,0,607,607
4,2017-11-20,127,284,0,411,411
4,2017-11-21,130,307,0,437,437
4,2017-11-22,180,285,2,467,465
4,2017-11-23,99,285,0,384,384
4,2017-11-24,108,355,0,463,463
4,2017-11-25,146,235,0,381,381
4,2017-11-26,178,287,0,465,465
4,2017-11-27,178,264,0,442,442
4,2017-11-28,140,142,0,282,282
4,2017-11-29,136,249,0,385,385
4,2017-11-30,174,198,0,372,372
4,2017-12-01,160,232,0,392,392
4,2017-12-02,185,283,0,468,468
4,2017-12-03,141,209,0,350,350
4,2017-12-04,203,176,0,379,379
4,2017-12-05,140,298,0,438,438
4,2017-12-06,201,223,0,424,424
4,2017-12-07,143,265,0,408,408
4,2017-12-08,214,225,0,439,439
4,2017-12-09,137,290,0,427,427
4,2017-12-10,346,268,0,614,614
4,2017-12-11,187,249,0,436,436
4,2017-12-12,216,212,2,430,428
4,2017-12-13,189,262,0,451,451
4,2017-12-14,130,281,0,411,411
4,2017-12-15,224,386,0,610,610
4,2017-12-16,178,295,0,473,473
4,2017-12-17,228,343,0,571,571
4,2017-12-18,152,335,0,487,487
4,2017-12-19,212,222,0,434,434
4,2017-12-20,144,327,0,471,471
4,2017-12-21,141,290,0,431,431
4,2017-12-22,159,345,0,504,504
4,2017-12-23,195,289,0,484,484
4,2017-12-24,94,353,2,449,447
4,2017-12-25,162,427,0,589,589
4,2017-12-26,132,236,0,368,368
4,2017-12-27,161,340,0,501,501
4,2017-12-28,150,344,0,494,494
4,2017-12-29,212,304,0,516,516
4,2017-12-30,102,378,0,480,480
4,2017-12-31,267,302,0,569,569
4,2018-01-01,0,0,0,0,0
4,2018-01-02,133,342,0,475,475
4,2018-01-03,0,0,0,0,0
4,2018-01-04,41,23,0,64,64
4,2018-01-05,157,354,0,511,511
4,2018-01-06,232,402,0,634,634
4,2018-01-07,69,282,2,353,351
4,2018-01-08,187,363,0,550,550
4,2018-01-09,0,0,0,0,0
4,2018-01-10,212,348,0,560,560
4,2018-01-11,179,251,0,430,430
4,2018-01-12,107,208,0,315,315
4,2018-01-13,144,348,0,492,492
4,2018-01-14,210,401,0,611,611
4,2018-01-15,143,293,0,436,436
4,2018-01-16,155,437,0,592,592
4,2018-01-17,164,232,0,396,396
4,2018-01-18,145,424,0,569,569
4,2018-01-19,179,201,0,380,380
4,2018-01-20,240,323,0,563,563
4,2018-01-21,188,283,0,471,471
4,2018-01-22,216,332,35,583,548
4,2018-01-23,146,289,0,435,435
4,2018-01-24,20,97,0,117,117
4,2018-01-25,163,293,0,456,456
4,2018-01-26,218,288,0,506,506
4,2018-01-27,0,0,0,0,0
4,2018-01-28,0,0,0,0,0
4,2018-01-29,238,247,0,485,485
4,2018-01-30,223,351,0,574,574
4,2018-01-31,202,374,233,809,576
4,2018-02-01,299,315,0,614,614
4,2018-02-02,244,363,0,607,607
4,2018-02-03,124,257,0,381,381
4,2018-02-04,192,295,18,505,487
4,2018-02-05,193,263,2,458,456
4,2018-02-06,149,341,0,490,490
4,2018-02-07,145,127,0,272,272
4,2018-02-08,256,443,17,716,699
4,2018-02-09,148,207,2,357,355
4,2018-02-10,196,161,0,357,357
4,2018-02-11,98,259,0,357,357
4,2018-02-12,192,264,0,456,456
4,2018-02-13,220,286,0,506,506
4,2018-02-14,131,158,0,289,289
4,2018-02-15,194,264,0,458,458
4,2018-02-16,131,330,0,461,461
4,2018-02-17,155,347,0,502,502
4,2018-02-18,116,127,0,243,243
4,2018-02-19,0,0,0,0,0
4,2018-02-20,339,416,0,755,755
4,2018-02-21,0,0,0,0,0
4,2018-02-22,199,290,2,491,489
4,2018-02-23,163,394,0,557,557
4,2018-02-24,121,369,0,490,490
4,2018-02-25,120,343,0,463,463
4,2018-02-26,240,338,0,578,578
4,2018-02-27,126,352,0,478,478
4,2018-02-28,152,424,0,576,576
4,2018-03-01,120,282,0,402,402
4,2018-03-02,220,293,0,513,513
4,2018-03-03,129,343,0,472,472
4,2018-03-04,149,364,0,513,513
4,2018-03-05,0,0,0,0,0
4,2018-03-06,47,168,0,215,215
4,2018-03-07,127,227,0,354,354
4,2018-03-08,132,470,0,602,602
4,2018-03-09,0,0,0,0,0
4,2018-03-10,273,377,0,650,650
4,2018-03-11,78,387,0,465,465
4,2018-03-12,158,471,16,645,629
4,2018-03-13,120,139,62,321,259
4,2018-03-14,158,374,0,532,532
4,2018-03-15,185,185,0,370,370
4,2018-03-16,158,335,0,493,493
4,2018-03-17,104,418,0,522,522
4,2018-03-18,77,393,0,470,470
4,2018-03-19,153,255,0,408,408
4,2018-03-20,161,220,0,381,381
4,2018-03-21,141,307,0,448,448
4,2018-03-22,384,586,0,970,970
4,2018-03-23,0,0,0,0,0
4,2018-03-24,0,0,0,0,0
4,2018-03-25,159,286,0,445,445
4,2018-03-26,234,395,0,629,629
4,2018-03-27,0,0,0,0,0
4,2018-03-28,210,429,0,639,639
4,2018-03-29,0,0,0,0,0
4,2018-03-30,343,427,0,770,770
4,2018-03-31,0,0,0,0,0
4,2018-04-01,284,401,0,685,685
4,2018-04-02,0,0,0,0,0
4,2018-04-03,263,250,0,513,513
4,2018-04-04,203,419,0,622,622
4,2018-04-05,0,0,0,0,0
4,2018-04-06,0,0,0,0,0
4,2018-04-07,0,0,0,0,0
4,2018-04-08,180,447,0,627,627
4,2018-04-09,182,176,0,358,358
4,2018-04-10,185,376,0,561,561
4,2018-04-11,180,220,0,400,400
4,2018-04-12,124,283,0,407,407
4,2018-04-13,173,286,0,459,459
4,2018-04-14,141,345,0,486,486
4,2018-04-15,124,194,0,318,318
4,2018-04-16,276,337,0,613,613
4,2018-04-17,159,337,0,496,496
4,2018-04-18,161,231,0,392,392
4,2018-04-19,190,281,0,471,471
4,2018-04-20,127,245,0,372,372
4,2018-04-21,193,264,0,457,457
4,2018-04-22,62,257,0,319,319
4,2018-04-23,109,248,0,357,357
4,2018-04-24,223,578,20,821,801
4,2018-04-25,93,397,0,490,490
4,2018-04-26,212,329,0,541,541
4,2018-04-27,108,320,0,428,428
4,2018-04-28,124,362,0,486,486
4,2018-04-29,205,212,0,417,417
4,2018-04-30,127,437,0,564,564
4,2018-05-01,119,244,0,363,363
4,2018-05-02,146,461,0,607,607
4,2018-05-03,86,231,0,317,317
4,2018-05-04,193,275,0,468,468
4,2018-05-05,154,421,0,575,575
4,2018-05-06,158,439,88,685,597
4,2018-05-07,146,435,0,581,581
4,2018-05-08,198,292,0,490,490
4,2018-05-09,201,329,2,532,530
4,2018-05-10,244,253,0,497,497
4,2018-05-11,122,245,0,367,367
4,2018-05-12,115,259,0,374,374
4,2018-05-13,62,452,0,514,514
4,2018-05-14,97,205,0,302,302
4,2018-05-15,174,381,0,555,555
4,2018-05-16,101,289,0,390,390
4,2018-05-17,76,429,0,505,505
4,2018-05-18,164,260,0,424,424
4,2018-05-19,137,429,0,566,566
4,2018-05-20,126,308,0,434,434
4,2018-05-21,91,331,0,422,422
4,2018-05-22,194,197,0,391,391
4,2018-05-23,128,412,0,540,540
4,2018-05-24,122,298,0,420,420
4,2018-05-25,163,328,0,491,491
4,2018-05-26,158,347,0,505,505
4,2018-05-27,118,300,0,418,418
4,2018-05-28,138,278,0,416,416
4,2018-05-29,136,333,0,469,469
4,2018-05-30,115,330,0,445,445
4,2018-05-31,165,347,0,512,512
4,2018-06-01,198,209,0,407,407
4,2018-06-02,139,447,0,586,586
4,2018-06-03,125,256,0,381,381
4,2018-06-04,0,0,0,0,0
4,2018-06-05,109,292,0,401,401
4,2018-06-06,111,287,0,398,398
4,2018-06-07,125,278,0,403,403
4,2018-06-08,149,277,0,426,426
4,2018-06-09,126,319,0,445,445
4,2018-06-10,65,423,0,488,488
4,2018-06-11,60,487,0,547,547
4,2018-06-12,171,448,0,619,619
4,2018-06-13,113,341,0,454,454
4,2018-06-14,130,296,0,426,426
4,2018-06-15,102,344,0,446,446
4,2018-06-16,68,408,0,476,476
4,2018-06-17,216,323,0,539,539
4,2018-06-18,52,366,0,418,418
4,2018-06-19,147,275,0,422,422
4,2018-06-20,115,261,0,376,376
4,2018-06-21,106,310,0,416,416
4,2018-06-22,142,285,0,427,427
4,2018-06-23,115,325,0,440,440
4,2018-06-24,111,224,0,335,335
4,2018-06-25,268,288,0,556,556
4,2018-06-26,0,0,0,0,0
4,2018-06-27,110,341,0,451,451
4,2018-06-28,178,260,0,438,438
4,2018-06-29,193,254,0,447,447
4,2018-06-30,263,369,0,632,632
4,2018-07-01,48,347,47,442,395
4,2018-07-02,55,284,0,339,339
4,2018-07-03,138,376,0,514,514
4,2018-07-04,143,343,0,486,486
4,2018-07-05,127,315,0,442,442
4,2018-07-06,150,336,0,486,486
4,2018-07-07,164,246,0,410,410
4,2018-07-08,142,376,0,518,518
4,2018-07-09,108,194,0,302,302
4,2018-07-10,121,320,0,441,441
4,2018-07-11,125,400,0,525,525
4,2018-07-12,94,310,0,404,404
4,2018-07-13,159,343,0,502,502
4,2018-07-14,139,348,0,487,487
4,2018-07-15,180,353,0,533,533
4,2018-07-16,171,285,0,456,456
4,2018-07-17,187,354,0,541,541
4,2018-07-18,193,242,0,435,435
4,2018-07-19,114,338,0,452,452
4,2018-07-20,100,316,0,416,416
4,2018-07-21,185,421,0,606,606
4,2018-07-22,112,309,0,421,421
4,2018-07-23,90,309,0,399,399
4,2018-07-24,135,309,0,444,444
4,2018-07-25,137,156,44,337,293
4,2018-07-26,119,368,0,487,487
4,2018-07-27,161,288,0,449,449
4,2018-07-28,202,286,0,488,488
4,2018-07-29,146,430,9,585,576
4,2018-07-30,140,291,0,431,431
4,2018-07-31,218,187,0,405,405
4,2018-08-01,196,246,0,442,442
4,2018-08-02,230,259,0,489,489
4,2018-08-03,139,239,0,378,378
4,2018-08-04,87,320,0,407,407
4,2018-08-05,189,272,0,461,461
4,2018-08-06,146,192,0,338,338
4,2018-08-07,193,275,0,468,468
4,2018-08-08,130,341,0,471,471
4,2018-08-09,220,274,0,494,494
4,2018-08-10,138,318,0,456,456
4,2018-08-11,222,278,0,500,500
4,2018-08-12,122,104,3,229,226
4,2018-08-13,205,163,0,368,368
4,2018-08-14,197,242,0,439,439
4,2018-08-15,191,203,0,394,394
4,2018-08-16,114,263,0,377,377
4,2018-08-17,212,190,0,402,402
4,2018-08-18,149,249,0,398,398
4,2018-08-19,224,287,0,511,511
4,2018-08-20,0,0,0,0,0
4,2018-08-21,249,269,0,518,518
4,2018-08-22,150,257,0,407,407
4,2018-08-23,226,158,0,384,384
4,2018-08-24,149,323,0,472,472
4,2018-08-25,163,268,0,431,431
4,2018-08-26,0,0,0,0,0
4,2018-08-27,210,219,0,429,429
4,2018-08-28,153,224,0,377,377
4,2018-08-29,177,237,0,414,414
4,2018-08-30,157,238,0,395,395
4,2018-08-31,151,107,0,258,258
4,2018-09-01,0,0,0,0,0
4,2018-09-02,188,301,0,489,489
4,2018-09-03,0,0,0,0,0
4,2018-09-04,246,393,0,639,639
4,2018-09-05,170,239,0,409,409
4,2018-09-06,196,204,0,400,400
4,2018-09-07,146,238,0,384,384
4,2018-09-08,229,326,0,555,555
4,2018-09-09,113,374,38,525,487
4,2018-09-10,153,279,19,451,432
4,2018-09-11,177,251,0,428,428
4,2018-09-12,126,294,0,420,420
4,2018-09-13,163,250,0,413,413
4,2018-09-14,118,348,0,466,466
4,2018-09-15,186,278,0,464,464
4,2018-09-16,178,452,70,700,630
4,2018-09-17,220,147,0,367,367
4,2018-09-18,102,346,0,448,448
4,2018-09-19,110,337,0,447,447
4,2018-09-20,169,247,0,416,416
4,2018-09-21,179,233,0,412,412
4,2018-09-22,171,401,0,572,572
4,2018-09-23,0,0,0,0,0
4,2018-09-24,154,447,52,653,601
4,2018-09-25,205,329,56,590,534
4,2018-09-26,128,150,0,278,278
4,2018-09-27,247,262,0,509,509
4,2018-09-28,285,367,0,652,652
4,2018-09-29,184,307,0,491,491
4,2018-09-30,217,365,0,582,582
4,2018-10-01,197,319,0,516,516
4,2018-10-02,208,306,4,518,514
4,2018-10-03,247,370,0,617,617
4,2018-10-04,209,419,6,634,628
4,2018-10-05,213,352,0,565,565
4,2018-10-06,138,261,2,401,399
4,2018-10-07,211,396,0,607,607
4,2018-10-08,318,517,90,925,835
4,2018-10-09,215,358,0,573,573
4,2018-10-10,335,418,63,816,753
4,2018-10-11,213,262,0,475,475
4,2018-10-12,181,398,0,579,579
4,2018-10-13,174,257,0,431,431
4,2018-10-14,239,272,0,511,511
4,2018-10-15,204,256,0,460,460
4,2018-10-16,158,222,0,380,380
4,2018-10-17,214,321,0,535,535
4,2018-10-18,112,254,0,366,366
4,2018-10-19,239,510,31,780,749
4,2018-10-20,187,355,0,542,542
4,2018-10-21,61,447,17,525,508
4,2018-10-22,304,321,0,625,625
4,2018-10-23,167,327,2,496,494
4,2018-10-24,162,212,0,374,374
4,2018-10-25,175,325,0,500,500
4,2018-10-26,202,268,0,470,470
4,2018-10-27,273,295,0,568,568
4,2018-10-28,0,0,0,0,0
4,2018-10-29,195,252,0,447,447
4,2018-10-30,206,300,2,508,506
4,2018-10-31,217,324,0,541,541
4,2018-11-01,189,308,0,497,497
4,2018-11-02,250,282,60,592,532
4,2018-11-03,136,282,0,418,418
4,2018-11-04,156,281,0,437,437
4,2018-11-05,131,256,0,387,387
4,2018-11-06,196,167,0,363,363
4,2018-11-07,194,217,0,411,411
4,2018-11-08,271,322,0,593,593
4,2018-11-09,0,0,0,0,0
4,2018-11-10,0,0,0,0,0
4,2018-11-11,0,0,0,0,0
4,2018-11-12,0,0,0,0,0
4,2018-11-13,195,252,0,447,447
4,2018-11-14,172,187,0,359,359
4,2018-11-15,200,343,0,543,543
4,2018-11-16,0,0,0,0,0
4,2018-11-17,0,0,0,0,0
4,2018-11-18,0,0,0,0,0
4,2018-11-19,0,0,0,0,0
4,2018-11-20,0,0,0,0,0
4,2018-11-21,0,0,0,0,0
4,2018-11-22,0,0,0,0,0
4,2018-11-23,0,0,0,0,0
4,2018-11-24,0,0,0,0,0
4,2018-11-25,0,0,0,0,0
4,2018-11-26,0,0,0,0,0
4,2018-11-27,0,0,0,0,0
4,2018-11-28,0,0,0,0,0
4,2018-11-29,0,0,0,0,0
4,2018-11-30,0,0,0,0,0
4,2018-12-01,187,224,0,411,411
4,2018-12-02,195,258,0,453,453
4,2018-12-03,199,222,0,421,421
4,2018-12-04,206,257,0,463,463
4,2018-12-05,0,0,0,0,0
4,2018-12-06,0,0,0,0,0
4,2018-12-07,0,0,0,0,0
4,2018-12-08,0,0,0,0,0
4,2018-12-09,0,0,0,0,0
4,2018-12-10,0,0,0,0,0
4,2018-12-11,0,0,0,0,0
4,2018-12-12,0,0,0,0,0
4,2018-12-13,0,0,0,0,0
4,2018-12-14,0,0,0,0,0
4,2018-12-15,0,0,0,0,0
4,2018-12-16,0,0,0,0,0
4,2018-12-17,126,258,0,384,384
4,2018-12-18,0,0,0,0,0
4,2018-12-19,0,0,0,0,0
4,2018-12-20,0,0,0,0,0
4,2018-12-21,0,0,0,0,0
4,2018-12-22,0,0,0,0,0
4,2018-12-23,0,0,0,0,0
4,2018-12-24,0,0,0,0,0
4,2018-12-25,0,0,0,0,0
4,2018-12-26,0,0,0,0,0
4,2018-12-27,0,0,0,0,0
4,2018-12-28,124,156,0,280,280
4,2018-12-29,0,0,0,0,0
4,2018-12-30,0,0,0,0,0
4,2018-12-31,0,0,0,0,0
4,2019-01-01,0,0,0,0,0
4,2019-01-02,170,193,0,363,363
4,2019-01-03,0,0,0,0,0
4,2019-01-04,0,0,0,0,0
4,2019-01-05,0,0,0,0,0
4,2019-01-06,0,0,0,0,0
4,2019-01-07,0,0,0,0,0
4,2019-01-08,152,290,0,442,442
4,2019-01-09,204,250,0,454,454
4,2019-01-10,135,290,0,425,425
4,2019-01-11,186,310,0,496,496
4,2019-01-12,165,273,0,438,438
4,2019-01-13,110,263,84,457,373
4,2019-01-14,187,225,0,412,412
4,2019-01-15,0,0,0,0,0
4,2019-01-16,137,372,0,509,509
4,2019-01-17,0,0,0,0,0
4,2019-01-18,226,266,0,492,492
4,2019-01-19,0,0,0,0,0
4,2019-01-20,0,0,0,0,0
4,2019-01-21,0,0,0,0,0
4,2019-01-22,0,0,0,0,0
4,2019-01-23,0,0,0,0,0
4,2019-01-24,0,0,0,0,0
4,2019-01-25,0,0,0,0,0
4,2019-01-26,0,0,0,0,0
4,2019-01-27,0,0,0,0,0
4,2019-01-28,0,0,0,0,0
4,2019-01-29,190,299,0,489,489
4,2019-01-30,0,0,0,0,0
4,2019-01-31,0,0,0,0,0
4,2019-02-01,0,0,0,0,0
4,2019-02-02,183,300,0,483,483
4,2019-02-03,0,0,0,0,0
4,2019-02-04,50,32,0,82,82
4,2019-02-05,0,0,0,0,0
4,2019-02-06,0,0,0,0,0
4,2019-02-07,0,0,0,0,0
4,2019-02-08,0,0,0,0,0
4,2019-02-09,0,0,0,0,0
4,2019-02-10,0,0,0,0,0
4,2019-02-11,0,0,0,0,0
4,2019-02-12,0,0,0,0,0
4,2019-02-13,0,0,0,0,0
4,2019-02-14,0,0,0,0,0
4,2019-02-15,0,0,0,0,0
4,2019-02-16,0,0,0,0,0
4,2019-02-17,0,0,0,0,0
4,2019-02-18,0,0,0,0,0
4,2019-02-19,0,0,0,0,0
4,2019-02-20,0,0,0,0,0
4,2019-02-21,0,0,0,0,0
4,2019-02-22,0,0,0,0,0
4,2019-02-23,0,0,0,0,0
4,2019-02-24,0,0,0,0,0
4,2019-02-25,0,0,0,0,0
4,2019-02-26,0,0,0,0,0
4,2019-02-27,0,0,0,0,0
4,2019-02-28,0,0,0,0,0
4,2019-03-01,0,0,0,0,0
4,2019-03-02,0,0,0,0,0
4,2019-03-03,0,0,0,0,0
4,2019-03-04,119,84,0,203,203
4,2019-03-05,0,0,0,0,0
4,2019-03-06,0,0,0,0,0
4,2019-03-07,0,0,0,0,0
4,2019-03-08,0,0,0,0,0
4,2019-03-09,0,0,0,0,0
4,2019-03-10,0,0,0,0,0
4,2019-03-11,0,0,0,0,0
4,2019-03-12,0,0,0,0,0
4,2019-03-13,0,0,0,0,0
4,2019-03-14,0,0,0,0,0
4,2019-03-15,0,0,0,0,0
4,2019-03-16,0,0,0,0,0
4,2019-03-17,0,0,0,0,0
4,2019-03-18,32,41,0,73,73
4,2019-03-19,0,0,0,0,0
4,2019-03-20,0,0,0,0,0
4,2019-03-21,0,0,0,0,0
4,2019-03-22,0,0,0,0,0
4,2019-03-23,0,0,0,0,0
4,2019-03-24,0,0,0,0,0
4,2019-03-25,0,0,0,0,0
4,2019-03-26,0,0,0,0,0
4,2019-03-27,0,0,0,0,0
4,2019-03-28,0,0,0,0,0
4,2019-03-29,0,0,0,0,0
4,2019-03-30,0,0,0,0,0
4,2019-03-31,0,0,0,0,0
4,2019-04-01,0,0,0,0,0
4,2019-04-02,0,0,0,0,0
4,2019-04-03,0,0,0,0,0
4,2019-04-04,0,0,0,0,0
4,2019-04-05,0,0,0,0,0
4,2019-04-06,0,0,0,0,0
4,2019-04-07,0,0,0,0,0
4,2019-04-08,189,187,0,376,376
4,2019-04-09,154,217,0,371,371
4,2019-04-10,145,339,0,484,484
4,2019-04-11,222,215,0,437,437
4,2019-04-12,0,0,0,0,0
4,2019-04-13,134,217,0,351,351
4,2019-04-14,260,346,0,606,606
4,2019-04-15,0,0,0,0,0
4,2019-04-16,0,0,0,0,0
4,2019-04-17,185,173,0,358,358
4,2019-04-18,255,235,0,490,490
4,2019-04-19,172,446,0,618,618
4,2019-04-20,203,354,0,557,557
4,2019-04-21,261,307,0,568,568
4,2019-04-22,174,264,0,438,438
4,2019-04-23,0,0,0,0,0
4,2019-04-24,0,0,0,0,0
4,2019-04-25,158,226,0,384,384
4,2019-04-26,205,238,0,443,443
4,2019-04-27,0,0,0,0,0
4,2019-04-28,0,0,0,0,0
4,2019-04-29,0,0,0,0,0
4,2019-04-30,0,0,0,0,0
4,2019-05-01,0,0,0,0,0
4,2019-05-02,185,279,0,464,464
4,2019-05-03,0,0,0,0,0
4,2019-05-04,0,0,0,0,0
4,2019-05-05,0,0,0,0,0
4,2019-05-06,0,0,0,0,0
4,2019-05-07,0,0,0,0,0
4,2019-05-08,0,0,0,0,0
4,2019-05-09,212,268,0,480,480
4,2019-05-10,0,0,0,0,0
4,2019-05-11,0,0,0,0,0
4,2019-05-12,207,293,0,500,500
4,2019-05-13,161,206,0,367,367
4,2019-05-14,226,299,2,527,525
4,2019-05-15,182,245,0,427,427
4,2019-05-16,176,245,0,421,421
4,2019-05-17,183,299,0,482,482
4,2019-05-18,169,280,0,449,449
4,2019-05-19,180,249,0,429,429
4,2019-05-20,198,307,0,505,505
4,2019-05-21,140,294,0,434,434
4,2019-05-22,0,0,0,0,0
4,2019-05-23,210,280,0,490,490
4,2019-05-24,121,102,0,223,223
4,2019-05-25,246,187,0,433,433
4,2019-05-26,226,238,0,464,464
4,2019-05-27,197,302,0,499,499
4,2019-05-28,90,172,0,262,262
4,2019-05-29,143,314,0,457,457
4,2019-05-30,215,324,0,539,539
4,2019-05-31,152,290,0,442,442
4,2019-06-01,190,231,0,421,421
4,2019-06-02,192,329,0,521,521
4,2019-06-03,197,259,0,456,456
4,2019-06-04,187,330,0,517,517
4,2019-06-05,120,239,0,359,359
4,2019-06-06,215,355,0,570,570
4,2019-06-07,0,0,0,0,0
4,2019-06-08,170,300,0,470,470
4,2019-06-09,0,0,0,0,0
4,2019-06-10,314,470,63,847,784
4,2019-06-11,162,232,0,394,394
4,2019-06-12,123,282,0,405,405
4,2019-06-13,195,279,0,474,474
4,2019-06-14,191,241,0,432,432
4,2019-06-15,0,0,0,0,0
4,2019-06-16,0,0,0,0,0
4,2019-06-17,0,0,0,0,0
4,2019-06-18,0,0,0,0,0
4,2019-06-19,0,0,0,0,0
4,2019-06-20,0,0,0,0,0
4,2019-06-21,0,0,0,0,0
4,2019-06-22,0,0,0,0,0
4,2019-06-23,0,0,0,0,0
4,2019-06-24,0,0,0,0,0
4,2019-06-25,0,0,0,0,0
4,2019-06-26,0,0,0,0,0
4,2019-06-27,0,0,0,0,0
4,2019-06-28,0,0,0,0,0
4,2019-06-29,0,0,0,0,0
4,2019-06-30,0,0,0,0,0
4,2019-07-01,191,154,0,345,345
4,2019-07-02,0,0,0,0,0
4,2019-07-03,0,0,0,0,0
4,2019-07-04,0,0,0,0,0
4,2019-07-05,0,0,0,0,0
4,2019-07-06,0,0,0,0,0
4,2019-07-07,0,0,0,0,0
4,2019-07-08,0,0,0,0,0
4,2019-07-09,0,0,0,0,0
4,2019-07-10,0,0,0,0,0
4,2019-07-11,0,0,0,0,0
4,2019-07-12,0,0,0,0,0
4,2019-07-13,0,0,0,0,0
4,2019-07-14,0,0,0,0,0
4,2019-07-15,0,0,0,0,0
4,2019-07-16,0,0,0,0,0
4,2019-07-17,0,0,0,0,0
4,2019-07-18,0,0,0,0,0
4,2019-07-19,0,0,0,0,0
4,2019-07-20,0,0,0,0,0
4,2019-07-21,0,0,0,0,0
4,2019-07-22,0,0,0,0,0
4,2019-07-23,0,0,0,0,0
4,2019-07-24,192,282,2,476,474
4,2019-07-25,70,286,0,356,356
4,2019-07-26,156,255,0,411,411
4,2019-07-27,140,169,0,309,309
4,2019-07-28,131,236,0,367,367
4,2019-07-29,186,332,0,518,518
4,2019-07-30,288,410,0,698,698
4,2019-07-31,158,288,0,446,446
4,2019-08-01,90,429,0,519,519
4,2019-08-02,83,184,0,267,267
4,2019-08-03,165,541,0,706,706
4,2019-08-04,87,310,0,397,397
4,2019-08-05,75,332,0,407,407
4,2019-08-06,99,314,0,413,413
4,2019-08-07,57,395,2,454,452
4,2019-08-08,114,336,0,450,450
4,2019-08-09,176,306,0,482,482
4,2019-08-10,160,374,0,534,534
4,2019-08-11,96,261,0,357,357
4,2019-08-12,139,276,0,415,415
4,2019-08-13,150,350,0,500,500
4,2019-08-14,0,0,0,0,0
4,2019-08-15,0,0,0,0,0
4,2019-08-16,85,357,0,442,442
4,2019-08-17,143,341,0,484,484
4,2019-08-18,0,0,0,0,0
4,2019-08-19,85,254,0,339,339
4,2019-08-20,0,0,0,0,0
4,2019-08-21,0,0,0,0,0
4,2019-08-22,0,0,0,0,0
4,2019-08-23,0,0,0,0,0
4,2019-08-24,0,0,0,0,0
4,2019-08-25,0,0,0,0,0
4,2019-08-26,0,0,0,0,0
4,2019-08-27,0,0,0,0,0
4,2019-08-28,0,0,0,0,0
4,2019-08-29,0,0,0,0,0
4,2019-08-30,0,0,0,0,0
4,2019-08-31,0,0,0,0,0
4,2019-09-01,70,268,0,338,338
4,2019-09-02,0,0,0,0,0
4,2019-09-03,0,0,0,0,0
4,2019-09-04,0,0,0,0,0
4,2019-09-05,0,0,0,0,0
4,2019-09-06,112,265,0,377,377
4,2019-09-07,157,335,0,492,492
4,2019-09-08,67,260,0,327,327
4,2019-09-09,82,283,0,365,365
4,2019-09-10,68,290,0,358,358
4,2019-09-11,69,247,0,316,316
4,2019-09-12,0,0,0,0,0
4,2019-09-13,0,0,0,0,0
4,2019-09-14,0,0,0,0,0
4,2019-09-15,0,0,0,0,0
4,2019-09-16,0,0,0,0,0
4,2019-09-17,0,0,0,0,0
4,2019-09-18,0,0,0,0,0
4,2019-09-19,0,0,0,0,0
4,2019-09-20,0,0,0,0,0
4,2019-09-21,0,0,0,0,0
4,2019-09-22,0,0,0,0,0
4,2019-09-23,0,0,0,0,0
4,2019-09-24,241,185,0,426,426
4,2019-09-25,134,218,0,352,352
4,2019-09-26,106,294,0,400,400
4,2019-09-27,61,366,0,427,427
4,2019-09-28,81,331,0,412,412
4,2019-09-29,174,315,0,489,489
4,2019-09-30,73,350,0,423,423
4,2019-10-01,116,296,66,478,412
4,2019-10-02,173,270,0,443,443
4,2019-10-03,132,337,0,469,469
4,2019-10-04,149,399,0,548,548
4,2019-10-05,108,319,0,427,427
4,2019-10-06,205,337,0,542,542
4,2019-10-07,65,251,0,316,316
4,2019-10-08,153,244,0,397,397
4,2019-10-09,117,280,0,397,397
4,2019-10-10,92,282,0,374,374
4,2019-10-11,167,252,0,419,419
4,2019-10-12,119,293,0,412,412
4,2019-10-13,123,332,0,455,455
4,2019-10-14,88,384,0,472,472
4,2019-10-15,173,286,0,459,459
4,2019-10-16,202,280,0,482,482
4,2019-10-17,97,319,0,416,416
4,2019-10-18,147,336,0,483,483
4,2019-10-19,103,387,0,490,490
4,2019-10-20,107,313,0,420,420
4,2019-10-21,77,277,0,354,354
4,2019-10-22,188,259,0,447,447
4,2019-10-23,163,283,0,446,446
4,2019-10-24,0,0,0,0,0
4,2019-10-25,215,304,0,519,519
4,2019-10-26,61,409,0,470,470
4,2019-10-27,109,419,0,528,528
4,2019-10-28,40,245,0,285,285
4,2019-10-29,164,385,0,549,549
4,2019-10-30,128,277,0,405,405
4,2019-10-31,161,400,0,561,561
4,2019-11-01,149,324,0,473,473
4,2019-11-02,106,329,0,435,435
4,2019-11-03,104,302,0,406,406
4,2019-11-04,105,430,0,535,535
4,2019-11-05,96,210,0,306,306
4,2019-11-06,136,364,0,500,500
4,2019-11-07,112,414,0,526,526
4,2019-11-08,99,193,2,294,292
4,2019-11-09,131,407,0,538,538
4,2019-11-10,80,374,0,454,454
4,2019-11-11,120,263,0,383,383
4,2019-11-12,89,376,0,465,465
4,2019-11-13,72,250,0,322,322
4,2019-11-14,143,296,0,439,439
4,2019-11-15,105,363,0,468,468
4,2019-11-16,131,151,0,282,282
4,2019-11-17,188,327,0,515,515
4,2019-11-18,101,319,0,420,420
4,2019-11-19,0,0,0,0,0
4,2019-11-20,175,501,0,676,676
4,2019-11-21,70,148,0,218,218
4,2019-11-22,241,353,0,594,594
4,2019-11-23,123,291,53,467,414
4,2019-11-24,213,217,0,430,430
4,2019-11-25,134,414,0,548,548
4,2019-11-26,145,384,0,529,529
4,2019-11-27,128,264,0,392,392
4,2019-11-28,135,269,0,404,404
4,2019-11-29,76,347,0,423,423
4,2019-11-30,102,224,0,326,326
4,2019-12-01,229,278,0,507,507
4,2019-12-02,152,327,0,479,479
4,2019-12-03,87,199,0,286,286
4,2019-12-04,204,319,0,523,523
4,2019-12-05,104,297,0,401,401
4,2019-12-06,157,374,0,531,531
4,2019-12-07,104,232,0,336,336
4,2019-12-08,139,403,0,542,542
4,2019-12-09,138,233,0,371,371
4,2019-12-10,262,308,0,570,570
4,2019-12-11,88,340,0,428,428
4,2019-12-12,0,0,0,0,0
4,2019-12-13,162,309,2,473,471
4,2019-12-14,68,138,0,206,206
4,2019-12-15,284,378,2,664,662
4,2019-12-16,202,284,0,486,486
4,2019-12-17,180,280,3,463,460
4,2019-12-18,200,299,0,499,499
4,2019-12-19,176,185,0,361,361
4,2019-12-20,259,227,0,486,486
4,2019-12-21,176,211,0,387,387
4,2019-12-22,123,386,24,533,509
4,2019-12-23,107,348,0,455,455
4,2019-12-24,216,358,0,574,574
4,2019-12-25,0,0,0,0,0
4,2019-12-26,0,0,0,0,0
4,2019-12-27,263,215,80,558,478
4,2019-12-28,56,214,0,270,270
4,2019-12-29,124,350,0,474,474
4,2019-12-30,110,477,0,587,587
4,2019-12-31,0,0,0,0,0
4,2020-01-01,0,0,0,0,0
4,2020-01-02,123,338,0,461,461
4,2020-01-03,101,256,0,357,357
4,2020-01-04,177,329,16,522,506
4,2020-01-05,74,138,0,212,212
4,2020-01-06,80,274,0,354,354
4,2020-01-07,254,370,38,662,624
4,2020-01-08,124,351,0,475,475
4,2020-01-09,176,338,0,514,514
4,2020-01-10,82,375,0,457,457
4,2020-01-11,124,333,0,457,457
4,2020-01-12,100,396,0,496,496
4,2020-01-13,126,323,0,449,449
4,2020-01-14,75,450,5,530,525
4,2020-01-15,160,386,0,546,546
4,2020-01-16,174,278,0,452,452
4,2020-01-17,120,290,0,410,410
4,2020-01-18,154,306,0,460,460
4,2020-01-19,165,371,0,536,536
4,2020-01-20,0,0,0,0,0
4,2020-01-21,302,409,0,711,711
4,2020-01-22,78,421,0,499,499
4,2020-01-23,158,400,0,558,558
4,2020-01-24,36,140,0,176,176
4,2020-01-25,186,326,0,512,512
4,2020-01-26,118,271,0,389,389
4,2020-01-27,167,320,0,487,487
4,2020-01-28,134,372,0,506,506
4,2020-01-29,107,318,0,425,425
4,2020-01-30,106,323,0,429,429
4,2020-01-31,133,251,0,384,384
4,2020-02-01,129,333,41,503,462
4,2020-02-02,76,143,0,219,219
4,2020-02-03,132,296,0,428,428
4,2020-02-04,90,325,0,415,415
4,2020-02-05,126,349,0,475,475
4,2020-02-06,152,285,0,437,437
4,2020-02-07,114,344,0,458,458
4,2020-02-08,144,352,0,496,496
4,2020-02-09,122,329,0,451,451
4,2020-02-10,93,333,0,426,426
4,2020-02-11,178,314,0,492,492
4,2020-02-12,137,281,0,418,418
4,2020-02-13,79,243,0,322,322
4,2020-02-14,140,392,0,532,532
4,2020-02-15,73,243,0,316,316
4,2020-02-16,199,546,0,745,745
4,2020-02-17,90,346,0,436,436
4,2020-02-18,84,264,0,348,348
4,2020-02-19,188,286,2,476,474
4,2020-02-20,175,307,0,482,482
4,2020-02-21,88,287,0,375,375
4,2020-02-22,67,241,0,308,308
4,2020-02-23,139,337,0,476,476
4,2020-02-24,125,279,0,404,404
4,2020-02-25,169,311,0,480,480
4,2020-02-26,30,373,0,403,403
4,2020-02-27,68,80,0,148,148
4,2020-02-28,189,583,17,789,772
4,2020-02-29,116,134,0,250,250
4,2020-03-01,114,395,0,509,509
4,2020-03-02,36,184,0,220,220
4,2020-03-03,161,359,0,520,520
4,2020-03-04,203,368,0,571,571
4,2020-03-05,116,254,0,370,370
4,2020-03-06,128,374,0,502,502
4,2020-03-07,141,336,0,477,477
4,2020-03-08,69,356,0,425,425
4,2020-03-09,142,324,0,466,466
4,2020-03-10,103,293,2,398,396
4,2020-03-11,115,323,0,438,438
4,2020-03-12,139,392,0,531,531
4,2020-03-13,66,296,0,362,362
4,2020-03-14,0,0,0,0,0
4,2020-03-15,97,321,0,418,418
4,2020-03-16,84,396,0,480,480
4,2020-03-17,194,365,22,581,559
4,2020-03-18,106,336,0,442,442
4,2020-03-19,88,199,0,287,287
4,2020-03-20,128,406,0,534,534
4,2020-03-21,134,298,0,432,432
4,2020-03-22,170,375,0,545,545
4,2020-03-23,182,239,0,421,421
4,2020-03-24,0,0,0,0,0
4,2020-03-25,159,311,0,470,470
4,2020-03-26,148,376,0,524,524
4,2020-03-27,70,421,0,491,491
4,2020-03-28,151,225,0,376,376
4,2020-03-29,192,291,75,558,483
4,2020-03-30,162,318,95,575,480
4,2020-03-31,69,211,0,280,280
4,2020-04-01,167,394,0,561,561
4,2020-04-02,77,252,0,329,329
4,2020-04-03,108,213,0,321,321
4,2020-04-04,130,402,48,580,532
4,2020-04-05,136,252,0,388,388
4,2020-04-06,214,232,0,446,446
4,2020-04-07,176,296,0,472,472
4,2020-04-08,140,341,0,481,481
4,2020-04-09,124,271,0,395,395
4,2020-04-10,105,298,0,403,403
4,2020-04-11,162,286,0,448,448
4,2020-04-12,126,364,0,490,490
4,2020-04-13,223,241,0,464,464
4,2020-04-14,104,337,0,441,441
4,2020-04-15,128,357,0,485,485
4,2020-04-16,142,291,0,433,433
4,2020-04-17,107,239,0,346,346
4,2020-04-18,119,344,0,463,463
4,2020-04-19,257,257,0,514,514
4,2020-04-20,107,334,0,441,441
4,2020-04-21,61,326,0,387,387
4,2020-04-22,172,290,0,462,462
4,2020-04-23,131,350,0,481,481
4,2020-04-24,108,259,0,367,367
4,2020-04-25,83,340,0,423,423
4,2020-04-26,133,356,0,489,489
4,2020-04-27,105,276,0,381,381
4,2020-04-28,127,293,0,420,420
4,2020-04-29,133,456,0,589,589
4,2020-04-30,73,411,0,484,484
4,2020-05-01,106,345,2,453,451
4,2020-05-02,179,249,24,452,428
4,2020-05-03,157,340,2,499,497
4,2020-05-04,0,0,0,0,0
4,2020-05-05,93,309,22,424,402
4,2020-05-06,83,301,0,384,384
4,2020-05-07,165,401,0,566,566
4,2020-05-08,144,278,0,422,422
4,2020-05-09,121,333,0,454,454
4,2020-05-10,0,0,0,0,0
4,2020-05-11,149,321,0,470,470
4,2020-05-12,147,267,0,414,414
4,2020-05-13,236,396,16,648,632
4,2020-05-14,86,403,0,489,489
4,2020-05-15,46,366,0,412,412
4,2020-05-16,185,333,0,518,518
4,2020-05-17,137,270,0,407,407
4,2020-05-18,112,387,0,499,499
4,2020-05-19,110,321,0,431,431
4,2020-05-20,103,354,0,457,457
4,2020-05-21,0,0,0,0,0
4,2020-05-22,157,418,0,575,575
4,2020-05-23,166,345,0,511,511
4,2020-05-24,97,282,0,379,379
4,2020-05-25,238,203,0,441,441
4,2020-05-26,71,346,0,417,417
4,2020-05-27,107,286,0,393,393
4,2020-05-28,122,355,0,477,477
4,2020-05-29,74,279,0,353,353
4,2020-05-30,105,362,0,467,467
4,2020-05-31,78,60,0,138,138
4,2020-06-01,0,0,0,0,0
4,2020-06-02,204,484,0,688,688
4,2020-06-03,135,422,0,557,557
4,2020-06-04,206,309,0,515,515
4,2020-06-05,123,379,0,502,502
4,2020-06-06,148,386,0,534,534
4,2020-06-07,0,0,0,0,0
4,2020-06-09,0,0,0,0,0
4,2020-06-13,0,0,0,0,0
4,2020-06-14,0,0,0,0,0
4,2020-06-15,254,319,78,651,573
4,2020-06-16,131,258,0,389,389
4,2020-06-17,84,256,0,340,340
4,2020-06-18,231,177,3,411,408
4,2020-06-19,196,274,0,470,470
4,2020-06-20,208,194,0,402,402
4,2020-06-21,161,228,0,389,389
4,2020-06-22,165,249,0,414,414
4,2020-06-23,276,214,0,490,490
4,2020-06-24,326,574,11,911,900
4,2020-06-25,208,276,0,484,484
4,2020-06-26,165,185,0,350,350
4,2020-06-27,222,266,3,491,488
4,2020-06-28,185,255,0,440,440
4,2020-06-29,162,244,3,409,406
4,2020-06-30,132,197,0,329,329
4,2020-07-01,243,260,0,503,503
4,2020-07-02,195,436,0,631,631
4,2020-07-03,101,294,0,395,395
4,2020-07-04,190,244,3,437,434
4,2020-07-05,0,0,0,0,0
4,2020-07-06,147,272,0,419,419
4,2020-07-07,0,0,0,0,0
4,2020-07-08,0,0,0,0,0
4,2020-07-09,172,414,59,645,586
4,2020-07-10,197,224,0,421,421
4,2020-07-11,218,230,0,448,448
4,2020-07-12,228,287,0,515,515
4,2020-07-13,149,272,46,467,421
4,2020-07-14,172,209,3,384,381
4,2020-07-15,242,305,0,547,547
4,2020-07-16,0,0,0,0,0
4,2020-07-17,196,467,3,666,663
4,2020-07-18,206,275,3,484,481
4,2020-07-19,164,155,3,322,319
4,2020-07-20,219,223,0,442,442
4,2020-07-21,147,143,0,290,290
4,2020-07-22,222,232,0,454,454
4,2020-07-23,219,318,0,537,537
4,2020-07-24,214,276,0,490,490
4,2020-07-25,229,252,0,481,481
4,2020-07-26,139,263,3,405,402
4,2020-07-27,155,244,0,399,399
4,2020-07-28,169,405,0,574,574
4,2020-07-29,195,189,0,384,384
4,2020-07-30,102,195,0,297,297
4,2020-07-31,203,370,0,573,573
4,2020-08-01,225,246,0,471,471
4,2020-08-02,184,263,0,447,447
4,2020-08-03,163,190,0,353,353
4,2020-08-04,221,314,0,535,535
4,2020-08-05,199,266,9,474,465
4,2020-08-06,247,248,0,495,495
4,2020-08-07,170,259,0,429,429
4,2020-08-08,153,253,3,409,406
4,2020-08-09,241,310,78,629,551
4,2020-08-10,161,205,0,366,366
4,2020-08-11,229,197,0,426,426
4,2020-08-12,141,226,0,367,367
4,2020-08-13,35,54,0,89,89
